frst1	nxt1	jsub1	jlap1	platv26	platv24	ind_delta_vm	
-0.0553703	-0.0605297	0.00515946	-1.537	-0.0589243	-0.0566837	-0.000628444	-0.0566837
-0.0554659	-0.0606284	0.00516254	-1.38697	-0.0554628	-0.0547973	0.001257956	-0.0547973
-0.055303	-0.0609298	0.00562681	-1.21969	-0.0594074	-0.0550278	0.001027456	-0.0550278
-0.0550867	-0.0610163	0.00592961	-1.06584	-0.0583846	-0.0560333	2.1956E-05	-0.0560333
-0.0544468	-0.0610086	0.00656179	-0.948396	-0.0590327	-0.0556156	0.000439656	-0.0556156
-0.054767	-0.0608449	0.00607789	-0.860074	-0.0558621	-0.0543639	0.001691356	-0.0543639
-0.0548547	-0.0607713	0.00591666	-0.754672	-0.0567649	-0.0549448	0.001110456	-0.0549448
-0.0551965	-0.0607495	0.00555302	-0.635687	-0.0537995	-0.0554472	0.000608056	-0.0554472
-0.0545465	-0.0606019	0.00605533	-0.530361	-0.0535347	-0.0549981	0.001057156	-0.0549981
-0.0546857	-0.0606914	0.0060057	-0.442559	-0.0508386	-0.0542927	0.001762556	-0.0542927
-0.0547103	-0.0606137	0.00590336	-0.331679	-0.0536342	-0.0547045	0.001350756	-0.0547045
-0.0549851	-0.0603264	0.00534128	-0.227462	-0.0518562	-0.0547945	0.001260756	-0.0547945
-0.0552652	-0.0601455	0.00488025	-0.14623	0.0140039	0.0157438	0.071799056	-0.0563933
-0.0557153	-0.0600312	0.00431593	-0.0626226	0.031048	0.0312068	0.087262056	-0.0562977
-0.0564241	-0.0601009	0.00367679	0.0186784	0.0265317	0.0241611	0.080216356	-0.0552777
-0.0562736	-0.0602484	0.0039748	0.0835531	0.0348195	-0.0123258	0.043729456	-0.058348
-0.0566794	-0.0602725	0.00359306	0.145269	0.0263934	-0.049757	0.006298256	-0.0561821
-0.0569711	-0.0602908	0.0033197	0.197326	-0.0280666	-0.0495495	0.006505756	-0.0572907
-0.0582035	-0.0599537	0.00175017	0.247319	-0.0504461	-0.0522728	0.003782456	-0.0570438
-0.058997	-0.0596893	0.000692322	0.299777	-0.0515096	-0.0516433	0.004411956	-0.0565457
-0.059156	-0.0596835	0.000527426	0.352135	-0.0521181	-0.0536091	0.002446156	-0.0576445
-0.0593298	-0.059465	0.000135178	0.403066	-0.055068	-0.0521978	0.003857456	-0.0577573
-0.0597672	-0.0594059	-0.000361365	0.450466	-0.057991	-0.0534018	0.002653456	-0.055544
-0.0603249	-0.0592677	-0.00105715	0.496979	-0.0584886	-0.0526819	0.003373356	-0.0577779
-0.0605144	-0.0591606	-0.00135376	0.54411	-0.0575017	-0.0540076	0.002047656	-0.0575753
-0.0605296	-0.0588235	-0.0017061	0.591302	-0.0575738	-0.0486614	0.007393856	-0.056055256
-0.0609081	-0.0585813	-0.00232686	0.637978	-0.0563404	-0.0542956	0.001759656	
-0.0608584	-0.0582888	-0.00256963	0.683316	-0.0586769	-0.0554767	0.000578556	
-0.0607706	-0.0586931	-0.00207759	0.733617	-0.0567601	-0.0519674	0.004087856	
-0.0607667	-0.0585065	-0.00226013	0.787622	-0.0585762	-0.0536867	0.002368556	
-0.0608231	-0.0582985	-0.00252464	0.839211	-0.0573675	-0.0528758	0.003179456	
-0.0603833	-0.0573672	-0.0030161	0.893325	-0.0575971	-0.0551397	0.000915556	
-0.0599567	-0.0573677	-0.00258899	0.955124	-0.0599321	-0.0536284	0.002426856	
-0.0598686	-0.0568208	-0.00304776	1.02824	-0.0607705	-0.0540515	0.002003756	
-0.0602008	-0.0561782	-0.00402259	1.08648	-0.0565033	-0.0535733	0.002481956	
-0.0598697	-0.0557813	-0.00408841	1.13737	-0.0591943	-0.0542144	0.001840856	
-0.0599998	-0.0559084	-0.00409143	1.18316	-0.0577311	-0.0532335	0.002821756	
-0.0597306	-0.0554955	-0.0042351	1.23142	-0.0563648	-0.0535624	0.002492856	
-0.0602231	-0.0550178	-0.00520526	1.27637	-0.0556051	-0.0544379	0.001617356	
-0.0597086	-0.0548172	-0.00489134	1.32029	-0.0676208	-0.0629675	-0.006912244	
-0.0594053	-0.0546095	-0.00479582	1.3622	-0.081845	-0.07868	-0.022624744	
-0.0589678	-0.0545054	-0.00446242	1.40458	-0.0791813	-0.0719005	-0.015845244	
-0.0584015	-0.0539786	-0.00442292	1.44789	-0.0833767	-0.0772893	-0.021234044	
-0.0579837	-0.0531816	-0.00480218	1.49158	-0.082181	-0.0766688	-0.020613544	
-0.0569814	-0.0518717	-0.00510971	1.53886	-0.0779795	-0.0724217	-0.016366444	
-0.0564642	-0.0507051	-0.00575913	1.58387	-0.0806632	-0.0747212	-0.018665944	
-0.0561865	-0.0507099	-0.00547662	1.62699	-0.0772561	-0.0756719	-0.019616644	
-0.0565646	-0.0505646	-0.00600003	1.6703	-0.0809117	-0.0757331	-0.019677844	
-0.0570374	-0.0505242	-0.00651317	1.71457	-0.0819101	-0.0768748	-0.020819544	
-0.0570914	-0.05042	-0.00667139	1.76039	-0.0770409	-0.0701704	-0.014115144	
-0.0563532	-0.050298	-0.0060552	1.80583	-0.0777196	-0.0701533	-0.014098044	
-0.0556978	-0.0502701	-0.0054277	1.85353	-0.078489	-0.0710625	-0.015007244	
-0.0551754	-0.0501173	-0.00505807	1.90519	-0.0784664	-0.0747849	-0.018729644	
-0.0552798	-0.0496436	-0.00563621	1.96463	-0.0796145	-0.0735885	-0.017533244	
-0.0554846	-0.0499611	-0.0055235	2.01946	-0.0807483	-0.0730259	-0.016970644	
-0.0557468	-0.0508001	-0.00494673	2.07289	-0.0765063	-0.0762156	-0.020160344	
-0.0555575	-0.0516313	-0.00392621	2.14131	-0.0790253	-0.0759195	-0.019864244	
-0.0548616	-0.0520728	-0.00278882	2.20789	-0.0822771	-0.0722299	-0.016174644	
-0.0546925	-0.0523937	-0.00229885	2.25364	-0.0778712	-0.0748736	-0.018818344	
-0.0546846	-0.0525724	-0.00211219	2.30266	-0.0794839	-0.0732888	-0.017233544	
-0.0553469	-0.0528889	-0.00245797	2.35583	-0.0800613	-0.0729179	-0.016862644	
-0.0550793	-0.0526457	-0.00243368	2.413	-0.078425	-0.0741494	-0.018094144	
-0.0555303	-0.0530776	-0.00245269	2.46589	-0.0794591	-0.0744564	-0.018401144	
-0.0559501	-0.0534418	-0.00250825	2.52319	-0.0829162	-0.0739743	-0.017919044	
-0.0567982	-0.053655	-0.00314319	2.57904	-0.0786827	-0.0719945	-0.015939244	
-0.0566819	-0.0535581	-0.00312383	2.63065	-0.0816816	-0.0754503	-0.019395044	
-0.0564681	-0.053489	-0.00297904	2.68511	-0.0824318	-0.0730158	-0.016960544	
-0.0564497	-0.0540574	-0.00239225	2.73981	-0.0791904	-0.0774657	-0.021410444	
-0.0564664	-0.0545647	-0.00190166	2.79656	-0.0833935	-0.075055	-0.018999744	
-0.0557575	-0.0546636	-0.00109391	2.85503	-0.0824701	-0.076071	-0.020015744	
-0.0554072	-0.054488	-0.000919193	2.91374	-0.0814341	-0.0731786	-0.017123344	
-0.0557305	-0.0549296	-0.000800938	2.96685	-0.0808576	-0.0751436	-0.019088344	
-0.0561071	-0.0553403	-0.000766869	3.02642	-0.0802752	-0.0778513	-0.021796044	
-0.0569202	-0.0564208	-0.000499383	3.08867	-0.0828996	-0.0770124	-0.020957144	
-0.056868	-0.056562	-0.00030596	3.149	-0.0806338	-0.0766582	-0.020602944	
-0.0579196	-0.057092	-0.000827664	3.20821	-0.0842644	-0.0792903	-0.023235044	
-0.0576443	-0.0576651	2.08E-05	3.26821	-0.0822644	-0.0758116	-0.019756344	
-0.0584602	-0.0585498	8.95E-05	3.32685	-0.0813819	-0.0780676	-0.022012344	
-0.0587721	-0.0592185	0.000446447	3.38807	-0.0822129	-0.0752034	-0.019148144	
-0.0591021	-0.0593283	0.000226236	3.45238	-0.0812149	-0.0753646	-0.019309344	
-0.0590545	-0.0597839	0.000729367	3.52962	-0.0848549	-0.0776838	-0.021628544	
-0.0591252	-0.0602631	0.00113798	3.61839	-0.0823639	-0.0753823	-0.019327044	
-0.059675	-0.0609441	0.0012691	3.69567	-0.0845313	-0.0788042	-0.022748944	
-0.0600274	-0.0613235	0.00129616	3.76681	-0.0840247	-0.076768	-0.020712744	
-0.0604876	-0.061611	0.00112338	3.85463	-0.0845952	-0.0794458	-0.023390544	
-0.0607876	-0.0618812	0.00109361	3.9365	-0.0837314	-0.0695772	-0.013521944	
-0.0612838	-0.0621128	0.000828951	4.00599	-0.066174	-0.0575182	-0.001462944	
-0.0617324	-0.0624582	0.000725754	4.07042	-0.0595961	-0.0563933	-0.000338044	
-0.0617067	-0.0624129	0.000706167	4.15141	-0.0616092	-0.0562977	-0.000242444	
-0.0616694	-0.0624303	0.000760857	4.2306	-0.0615732	-0.0552777	0.000777556	
-0.0616244	-0.0622096	0.000585154	4.29739	-0.0617344	-0.058348	-0.002292744	
-0.0617463	-0.0622276	0.000481285	4.38495	-0.0615018	-0.0561821	-0.000126844	
-0.0617843	-0.0622874	0.000503163	4.50358	-0.0601168	-0.0572907	-0.001235444	
-0.0616847	-0.0625434	0.000858727	4.62117	-0.0594498	-0.0570438	-0.000988544	
-0.0618475	-0.0624022	0.000554669	4.71269	-0.0607534	-0.0565457	-0.000490444	
-0.0619185	-0.0624566	0.000538033	4.82953	-0.0616619	-0.0576445	-0.001589244	
-0.0620955	-0.0626043	0.000508774	4.9019	-0.0617094	-0.0577573	-0.001702044	
-0.0623613	-0.062942	0.00058075	4.95907	-0.0619973	-0.055544	0.000511256	
-0.0624796	-0.0629796	0.000500027	5.14948	-0.0615948	-0.0577779	-0.001722644	
-0.0625954	-0.0628897	0.000294325	5.25698	-0.0609252	-0.0575753	-0.001520044	